228 GUIDO nssnrlno

1661666 61611 611666661661 6 66666616. Ρ661, 666166 66 666616

· 66616, quello 616 6666116616166 661616166166661616 il

666116161616666616116 1666661661 6616616616 61 16666616
666661661666 666166 1611161666 1161166616161661 16116 166 ’
666616 16666666 6 1616666 6 16666 611 16 quelli 16116 661666
singolarmente. Delia 6666616 666616, 6 6161 161161616666, 61
6666666666; 666 666611 gii 61611 1611616116 nacione 66661-
61166166 -6661 6666666, 61666666616, 16666166 611 66616 61166·
61661; 666 6666116666616, 661 666611 661 1 questione, 16 661-
61661666166616 616 61 61 61666616666 666 6666616 66611611
6666666, 6166661616, 666 6661116166666 666611 quella 616 66·
166116 6116166661 666 66666161666 6166166 6 661661116661 meriti
,11 116116. Sanc 166666 61666616, 666616111616 rangono ri·
66161116116116, 6666616616 66661611616 611 quasi, 6 66666
66661, 16 661616 6666116611 16 66616666.
- Ε 61116666 6666616 16166116 66166116 1 membri 666 meno

‘ chinni 1611666661611 Francia. Se 666 616 666 666616 6666

66661 6666666666611 161661 661661 166116 facili a 66616661666,
61 166666 6 lunge 161 1661666116 616661616 cetis. Le 11161
66666, 666116 161116, 6661 161116 161 16116, vagire 611666616, 6
666 61 mucrene 6 66616116616 666 611661666611 6666616616
16616 61 6666166661661661 1 66616166611611666666661661616
66666. 1616111 6661616111166 16616166661611611666 66166166-
666616 6116116, 11 1166661616616 6166166 generale dei musici
, 6 16116 6666166 61 limita 666661166616616666616661 1661666-
6 6661611; 6161, l‘ esinatae di 66 666666661116 1611116616 11 16·
616666(6611116616,6611 1166, 1611661666 161 11166ε166616666

6166661166 deiecere), 6 66161 6666666 16 1616 1611840, 61
616661 frammenti di 11666611 616116661666, 6666616 161, 6116
fine 161 IX 666616 6 61 primi 161 Χ, 6 6666666 16666111 161
Martini 66116 666 616616161161666166. Α queste 6666616 quali,
66666 cgnun 6616, 61 6616611666 6 61 1666611666 61166666 11
16116, 6666116 61616 6666666616 16 aggiungere 666 166 chiara
ed accurata dimostraaicne‚ che 6661616666 666166 11166611

 

