224 ¹GUIDO ARETINO

ohiudero 16 11166611661666161 61616166 (1611661666. 1611611666-
6661166611661 66, 66661611 616116611 116 16116 1616 611166 ’
661666166 616 616 mortali, divini, non serbaronsi 16 66-
6166661611, quoii 1666616 61666611 1611’161661616; 66, 6161,
661166166616 161 1611111 progressi 6 661 16 16666 161661166-
bile 1611616666 66116111111116 161611616 subire 1661116661661 11-
16166; nondimeno 61616116116166 1666161666161161161616 1116116
611616611611 6666111111 16116116 11 661616166 16166 16 6611-

· 11666.1616616 6611, 66616 6616661 661661166 6161611 pro-
gresso 6 6111 61666 61116611 161116666111616, 16661666616 61 f-
ferramento io 66666, 616, 16 616616 16116 6666116116 66161 ·
1666 111661111, 666 1611616 111666 6666616 6 66111 16666113-
616611 616 16 1116166 6666 6116111616 6611116 166611661616161Ἰ1
prirno 11111111 6116 6161661616 6 1116 quando 11166 sonnonem·
1616616 61166611 66616666661166611 666 16666 61616666 longo
studio 6161161616 16 quelle 1116616 creatrice, 16 66616 61666166Ξὶ
66161611116616 6 11116116 6 6 6661116616 6661 singola 66116 alfio
boso 6111611116 1611’1166666116,666 116 6666616616), clrior-:n
semplioe‚ progressive 6 6 61111161161616161116111116.

E 1616611 1616; 66, 661116 1166116 661116616611611616119·
1666616 16 11666 16666616166666116166116 661661166 6 6616161 1
111666166661616 666 6666 1666116, 66111166 6 611166 6666164).
616 661161161116 661616 6166616166 16616, quante 66611166666) ⁴
1666 66161116661616 11 666 6161611166 16 16161116 ostensione
161 66616. Ρ616 66166116 616 61161116 6611116 6661661616 sinii)
1116616 66116 1611616, 616661666 61116116616 6111611; 6 616 pot?
666611616 6666166616 616 666116611 queste, 6661616 quolons
que 1166, 66666 6661116116 6 666111111666 1616111 6666161611νῇ
poiche 6666116116 1666161611 11616116 16616116116661611666κ
66116, 16 6161166 esecuzione 16166616 6611611166616 66661 61666
166116, 66616616 661 16 1111166116 11 6661616 6 611616 11616611
6616616 66661616 1111666, quanio 6616116 66661666 16116 166116
611611 666 61 66161116 661616 6166116616 666 6666166666116111,
16 proprisio 616666 66 661 1616666 questo osegrrirsi3 6661, ri‘

 

