GUlDO nannmo 315

La storia 16116 6111011110 Ρο110061606, 1611116 161 10110 Fo-
(1611010111, nel caso, 061 0101010610 61 61116116; 16010000 0
0606 601111010000111016, 6 000 10110 010011610, 000110 6011
chiama Gnido nostro, moaooo 6111101100 beatificando —
1110600011666011011 'noemae 0001101116.

Νο 11 1611116010 0161616 006 11100110110066101111616106
16 1061110116016, 16 quale di 00010 110101110010, 161 quadro
11 01611606. Testimonianaa, 110111 01 1016110116 6106110110

61616 161 0001ος 6 006 denotando essa chiarissimamente la
nessuna 0616 61016 16011 scrittori di prendere 666110 00001-

11016 111116 161616 6661 1161061111 006661016, 01 00601106
0610, oorn' 61116 101166 11061616 6 1611011016 610116 0016100-
1611611011 16116010 110110 innanzi. '

Ε 1110111 il celebre quadro 11100610, 000 6010 616 001110
11 1010 006 vogliono 110110 Priore 11 0161160661 11110110
111616 affinio, 06116 60101616 ohe esso porta, 6 006 101006
11 8110011016 161 monasterolo 001616 610000 (0066 11 16·
1110 16 qualo 0600016 6661 61111000 16011661616010 11
606161616); ma non reoa in se stesso 1110110101016, 0611-
11610 001 001016 0100016 11 60110 00100616 0 016011110 61
0111016 11 16001666016101 l’Aretino. L’ 11111616 66011 11010,
66110 10001016 116111100101100610116 611016 1611110 161
11100661610061 quale 110110610 16 616 1616. E altrimenti,
1006116011 616666 010016 1661161610 11 10016161 16 10011116111
6101101, 0116 1616161 16001011116016 61 1610, 000 6116006 00611
0011110 16010011616 066601 1610 010 610010, 116116 006 06001110
6100016116. 10116116, 060000 all’ insomnia, 6011 10166 101 ,
6110 601 proposito; imporoooht 66 01 0 00110161 quale po·
16161 110611116 06116001010616, 001 010 l' 66601016 06116116,
16 01 01610 qnalsiasi· 11 probabilia, 0 questo 66116 010. (111
6111001 0611111 romani, 0 16 000601611 16110116, 00610161010,
00016 00100 66, 11 1661116 16 016006 0000116. 016 S. Bonodetto,
ohe 6000010 11 000116 61 illustre prosapia 60601616, 66 100
1600 061 60 stesso 161 600 011110 60600 l' 60110 1161101110 16116

 

