GUIDO ARETINO 87

111111116111 abbiano 111 11111 gli antichi 1161111. 1111116,
tornando noi 1 Greci 1111111, 161 quali 11 1111116 161111,
1111111 1611111116 traditioni, 1111111611111, 11 11111111 altro,
11 origini 111 nostro moderno 11111111, 1111111111 1111111
11 111611 11 Ρ1111611, 1116 11 tutta 11 1116111 111111 111611
11 111111111111611611111 1116111111, 111116111 1 lungo pa·
drona 111 campo 6 1611 111111111116.Ρ1111111111111111-
11116, 1 11111111 1111 apptggio 111 1611, 6 (1111111111-
stato valore 1611611161111111111111.Τ1111 1111111 1111111111
11111111111 111111 negti scrittori 11111111, 1111 quali 11111
11111 1116 111611111111111111161111 1111111, 11 1116111 11111116

111 1611611 11111111111111111111111111111, 1111 111 111
11111 11 340.

ligii, 11611116 11 1111111111111 11161111111111111611111, .

16116 appoggiarsi 11 1611 161111111 16111111, 6 1111111 11111
11111111111111 (1161 1611111 111111111), 111111111111161
1111111161Ρ111161111,111611111 canonisti3 11111111 quanto dire,
1611111 111111116111111. Se non 1111 1’ 1111 111611611 611111
aperta 111 111111 tutta 111 propria presso gli 111111111111,
11111111111111111116111111 11 1111111 111611111116, 111· ,
11111 1111111 11 111 1111111111 1111111 11611111611111111-
111616 11 Samo, 111 1661111 (1111111111, 111811111111,161Ν1-
16111) 11111111 11 11111111.

Ma 11 111111, Ι11111 11 1611116, 611111 111111 1111 hanno 11
1111 11 1111111116 11 1111111611 111111111111111611111-
111111111111111116 111111 11 111111. 0111111 11111111
11111 figlia di 1611, l' alma 1611111616161 1111111111 ’111-
1111, 1111 pure 1111111111 111 1611111116111. 111 (11111111
dapprima 1111111111111161111161111, 1 appresso, dai 116-
1111,11111ρ1611 di conquista. 06111111 1111111111611 11111-
16111 11 1111 11 1111 111616 1111111111, 1111111616 111116-
11611111 cultori, poco 16161111 un 111616 111111111111111
11111111 1111111, 1 111111111611111611 1111 11 preparata
'appunto 1111111111 11 capitale 161 mondo 1161111116. 111116,

 

