GUIDO ΑΒΕΤΙΝΟ 161

1666 6616166616 66 666 66616116116 666166616 6116 6661166-
61666 11 uu’ armonia 66611666, 66666616 66611 66116 fauo·
666616, 666 66666161166666 6616661666 16 quale, secondo af-
16666666 611 sopra, 666 66666661 116111 11 666 66661616
661 661666111 66666 666666 immutabili, 66661661661 16 quella
6666 1 66661 11 66666, 6666616 11 666666 161 66661 1616661.

Tala, 66116 66616666, 66611 66666666, 61611 16 66661666 66611

1611611166 66616616 66666 che, dopo 16 66161611 quella 1ο-
66616 6661666, 66666 6 6661116166 quasi 66616116 61611661666-
1116 (banchi 666 1666 6666661616, 6 1666666616 61611616 661
principio) 161 Romani 6666616161661; 6 6 1616 6666166616
6661616666666616611 166166611 66616611.

1661666166616 661 66 66 6666666161 fortunati 66611, 66166
. 6 1666 16 666111661666 11 quella 6661611 rhu abbe 1611. (1. 11
mandatu 11 iar 6666661166 11 66616 6116 1666 6666661166
(1611666661611166616161 16116166, 166166 61666616 uhu, 61666116 6116
musica, 6116666666 11 (16116, 16116 616 16111666 616166661116
16 6616 66666616 6616666616 16 66616666 616666616 6116
scopo, 6 61 6666 1616616 161 666166 6116661666 11611666.

Non 166666666 666 questo, 6 666 611 616611 66611661661, 661
166161161161 661616666661 1610616116666166 6 6661116166161
canto 6 16116 6666166 666616 66616, 661 6166661666 1 16661
(16116 66666 6661666166 61666166666 66116 61166611 161161-
tore 16 6116666 11 16166616 6 11 Gregorio, 6166, 161666 16
metauri 16661 11 666666, 61666666 6666 16 6616 6616666 161
campo 6661661661 116666 6116166611 161 1666 graduale svi-
lupp0‚ 1661666166616 6161666 666616666616 6666666661. Ciu
610611 6666666616 661 661 terminare 161 666166 616666616
&turico-musicam 666666616 61 616661 1 quali 666661611666 16

questo 666666 11 616111 11 Μ6666ο 11 6166666, 6 paruero quasi

Druparurnulu uia, 6 6666 66666616666 1 6666111 6661611, 6661

ρ1611666 opportuno 1116666661 6666666 661 66166161 6 66611

Β(361111 1666; mulio piu 6166 (16116 66166166 666 66661166-

18661 616661611 6661 6666616616 6 61 6666 6116666166 16-
ll. - 11116661, Gurdo 1661166.

 

