..Ι

286 GUIDO ARETINO

0 0010010 01110 eogli 000101 0010 0001000010, 0 dell' 00100
0 0101011101010. 11011010 d’ingegno perspicacissimo 1, 00-
0 provo, 10010010 11 vide, il ij 1011100000 01 aggiustogli
··0 0100100100 1010. Si 0001111 ever 001010 0110 1001000.-
0 11001 de’ miei invidiosi, 0 01100001 010 10 lacessi 11101000 «
0 Ρο00000, 0010001001001 convenire 00001 meglio 0 00 mo· ·
0 000011010101110 01 10000011 1 000001011; 0001010110 quello ⁴
0 11 1000000 010, 10 1011011 010110, e, per 10 01011011 Dio ⁴
0 0 001101010011ἰο101101111010,0101100010 11 01100 101· “
0 1110110. 0010 1010 0100010 10 10110 ’000110110οἰ 11 010100
0 padre, 0 1010010οἰ 01010 0110110010 01 01000111, 0101111000
0 meglio, 00 11 Signore 0101011, 1111001010 000 quest’ 00010
0 0010100 0001110001101110 1100001010; 0, monaco qualo 01
0 0000, 0100101101 10110 001 mosaei: 10 0000101 0010 001 001
0 1110010 010 10 00010 11 0000010010 10 00010100110000010 000
ι 0 1 vescovi, oggi quasi 10111 0001000011 111100010Μο 001-
‘ « 01101100100010 000 01 0 possibile 11 venire, 1100101101-
01001000 sisi-emo 11 regole, 011100 001 00000110 00 00010
0 0000100000 00000001010, 0 0101000 10 00011010 0111100100.
0 1011001000101001111101110001101010110000100000100011000,
0 000110 011001001100100 01010, 0 0110 001 01001001, 000001010
0 00010000, 011000000010. 1110011001 0010, 10 00 10001100,
0 01000010 000010 110101000110 Ρ10110. Α 101010 000 00010
0 010101011000011110101 00011010110, 010 0000001 11 1001100
0 ervo, 0 100011101 gustati 00110 10110 101010 01 01100010
0 1110110 00010. v .

Quesle, 00010 01001 1110111 possibile 11010110, 0000 10 01-
1100010 011 0010011010 00101011 (10110, 0010 10 010110
¹possiede 1010100 01 00100100. 010, 00000010100011101,
0111001001010 1001111011 00111, 00000 questi 01100010 100-
10110011000 ingiusta demolizione3 oosl quell’ istesso 100011 ·
glorio, 1100010 vivo 0 grandissimo, non 010000 000000 10 001·
10001111 10011111 00111 000011011 religiosi, i 00011, 010 0001-
gendo dobbi 00010 110111 meglio 01110011 0 010011, 010 10101·

 

