GUlDO Amrrmo 187

66161111661111116,661611166611116616116666661116116166116 16
lui 161661116, ocho 661611 1666116 16 11 1111116 11 6661111616.
Ε 66161161161161616 11 6111166, 616116616 1611611116 11616666,
161 1111616 61116166 611 1616666116, 616 116 66166
1661166116 1166116111, 6161, 11 giuraro 161161661116 661616
161 11666116.

Μ6 1116116 6666 616 61 166166 111611616 61116 1161116
(16116 gloriose 661611111 6111111116 6616116111166111161116.
Ρ61611111 616 il nostro 6611161111616 11616 chiaramonte 11-
61111116 11 quello 1161661116 66161611 (luido, 16116 quali gli 611-
11166111 noro 666611 16 soorgono invoco meglio 111611161166
1166611116. Poro 661161116161661116661 maggior 6166161616,

6116 1616111 mogo dol 11116 1166 16116 6111616, 66116 6161· ’

1616 161 monaco di Pompooo; 11166166611116666 6611616 im·
possibile, 6161661611 6611111 cavillatori, il distmggoro 161
11116616 66661616 1161161616 origiue 66111 solli 16611, 611-
16111, 6111161661116116 66661161116111661116 6666 661 61116
oll'o 616 ogli si 6166616 11 ogni possibilo 1611611 61 61-
161161161111616 11 1161116 6 1116611611, 1611616 1116116
161 611116116666111616.
Ε 661 1166166611611161666161611111116,161166161116666·
611616 116166661161611 616 1111611616 661116 161611616116 6
11116611611616116 gilo 1616 6111616 61,16,111,11,661, 11. Lo
11611616161611616116116,661116 6161616161 1616 originalololino.
« So 1161 111116 11161616 6 116116116116 16166161116111616),
r 6661666111 16111616 11 166116611116111616 66116 616 11
«666616 6 1616111161 66666 611116 6166611616, 6 11 guiso 16
o 661611616616 61616116, 1611 161616 116 1611666616111611
« 16616111161611611116116616161166116, 6 61616 11 616116 661
o 6161111616166616111616161 611611611611661116116 1616, 616

«6611161161116166661666, como 6616116 questo 16116 61616

«mi 66116 611 16, no’ primi o nogli ultimi, por 16111116 1 gio·
6 1116111-111616611 loris 16661616611116 — 11111666161111

 

