66 61116 1611116·

6161666661 161611616 16 161111 66111, 616116116 1166666161
1166111, Ι 1116116116 1161161611 Τ6611611ο 1616611 Ρ61116166 11
costantinopoli, rimprovoravano i 6611611 11 616161111616116
6166166,6166616666 sanari a profana‘

11 66116 1111661616 11 6616116 pol suo 16166, 6 6116661
16161611611116 161 1161616, 6116 por 61116, 66 6616 6116111-
1111 16 6666111611 161 1116611616 16161166 1116166116 11 S. 1116111,
111 6116161616 6116116 16166116, 6 1616111666, 1161116161-
bandonandona interamenta 16 1166616, 161611611111111611
61616116 616 proprio 1616661611 S. (11666116. 1616116116-
6661661 6666111616 11 nostro sonitore) 6161666616 1116 si-
61611 1611611666116111 116 1616, 6116161111666116166616;
16 6616116116 parcho uno <liquati 16 1611611116, 61 1166, 661
66116 16661116 11 1661 6616161161611616116616, 6 1611, 616161
poohi dissoluti 1116116, cupidi 11616116 1611616611 no·
1111, 161 6661111616 6161616 alanno: 661161616 6 6666116161
1616 1166116111 6116611611 66611 6116111661, 1111616161 11
66111111616111 166116616116. Ε questo (samproa 61111116 161
1116611616 Ρ. Eustochio) 1161116116161 di qual gonaro ’116-
161166 616 11111616 61 66166116, 6 616 1111616 1111111611 661
16116 661116 aidus 11616111111661616 6 (1166111616.

In 61616661 poi i 116116611611 6161611 666161116116116 111-
16116616161661116611,111 1 sompno noppnr 166116 11 16161· 4
1111616 661 6166161616, 66, 161 1616 616 1611616161 16 porga
11 1616161616116 11116 11611616 16 1161161611616 1616666161
6666116 6161616 11 61616 pooo 661166661116111611.

116116116 poo 11161 616 6166161 6116 11 S. 11116616 616
61616 616116, 6666116 6161611616 16111, 11 6616161616116611
161 1616 1611161616 6 proprio 16611 1661 metrici,- psi 11611,
11 quoi primi tom'pi, 16 16166661116116 16111611 nonina 6 66-
6111116 11 66116 661616 11 116166.

noio 161616 166666611616116 116611616 6166616 116 161
, panii di maggior 111616166116116111 66111,1111661616 6
(1166611616, apponto 161611 1661166611 11616161 616166

 

