GUIDO Aperlae 183

spegliarione‚ 00001110 001010 000000 0000010 0000000 11011000,
vralfaarorratore di verchiecere, 00 po’di meled0; 0 010 0 000010
001010 01001 001 000001010 10 101 001001001011010 1000010000
0101100010 010 10000 10 1010001001 000000000010 0110110110011.
11010 01 00010 00 0101000000000010 101 1011010000000, 00
0000; e, a 000100 credere, 01000010 000 11 0010 01000010 010
111010 11 0000 000011 000 000101 101000 10110 100 0010οζ
11111000 0000000000 10 0001101011000110010000011100, 0001 000
0000110οο 00000011 101 00010 00 000010 1000000, 00 01011, 00
0000101001000111001000 per giudieare 110111000010 11 Gelda,
000010 10 000000 001010. enda 00000000 000 000010 quasi 000-
10111 0 0001000 010 000 011010111000000000000110 00010101100
11 campanile, 10 00010 000110 0000000 00 p0’ di 1011010 01 000011
11 00110 100001001100, 0 010 01 0000 011000000010 001 rigidi
elimi 101 nord, 000010 00001100 10 001110110000 1010001100 000
1001000 00010 la 11 1000011010 11 natura.

110100000000001010 0100011000 01 00010011 ultimi capitoli
1 esame ela confutatione degli speglialori di (10110 000 001010
0100000 100000 materia 10 un 00111100 010011ος 0 000010 01
00000000 altresi 01000100 mano grave 0011 10000 11 dividere
000010 00010 0011100010110000010 000 11 00000010 1100001100,
0001000001010001010101οι00 0 000 1 0100011 0100101 101 10000ος
0001 0 010, 01000110 010110000110000 001 001110 00010001 00010
10110 00000100 0000001001110110 010 001 010 egli, 00110 000
pagine 0000000010 0 100110 11 Ardeae, sembra 01110 001010 come
0000101000100οἰ00010011000111011010001110100000001001000-
01οε 0 000 00101011000010010,0 perdid 010 000000 benevola
Germania3 0011000110 00001 010100111 0 (10110 0000000 000110
01 0000010 000001001) 00000 1001010 10110 11 1010100000001000.
Di lei, diriame, dalla 00010 0100000 1100010010010100010110-
0100111000 dei 000010· 000 0001000011οο 10 terra dei morli
regald 0000000 (100110000100001 Imperatori di nove adieci 000011
10, 010 00 0101100000 1 000101 Papi) 0001011 0 regale, 01110010
0000 00010000 00000 01000111, 0 000000100010011 0000011 010

 

