168 GUIDO ARETINO

Vodiamolo 6666616666 1666166161 1166111616 11161666, 6 En·
ohiridion (66166 6111666 161161161666616 appellato), 616 616611
611 scritti di Guido 16666616 11 161616 166616616 611 61611666
’ 616661 61666111 6116 continno, sia 661 1666161611666 616 quasti
ns (11. 11011666 661616 61 16 6611 stesso inoontro 661161 prin·
61616 (161 666 6611116 616116616666 666 6111616616 6111616116
16 nogioni, i 6161111 616 6116 16 (1611616666111666116616161
1661116 ohs lo distinguo. Dios infatti 661 prologo 161 666 16-
torocha assando stato 1161116616 (161 6661 6661161611 (11616666
166616 intorno 6116116 166616616, 6 1611 6161 166616111 16616-
simio 1 mono 661111 16 661666616 6 611166 11616 6666166166,
61 6661666 6611616166 1616;66666(166111666116 6666 16 quali
1616166616 611 61 (1616661666 abbiano 616 1 116116166116666-
1161661616 offioaoi. 11 1 1666111111 61661 (16 161 ad 16116116 661-
1611611 61666 161166616 11666111, (16 6161, 6611661 16 6611
116 616161, 61111 16 66611166 61 611116 666 6611116666, 1111661616
166116 66111666661616111616 6666 616616 66616 1161116116 1666116
661 111166611 non 16 avevano 61116116 ohioohossia: contenti,
proseguo, di 666 6616 616661616 (1666111666. 1116616 (11 611616,.
61666666161166661616661116111 giorni, aprino intuito, 6 161
6161116666616 666161666 16116 611 616 661161666166616 (16ν
66111166 6116 61111666 16161 inaniora quoi 166611611 1 666Ιὶ
661 16 innanzi non 6161666 66111161616 61111 cantori, 61166116
666 1666161116 6 66616 studio di osopio 6661. ¹

16161111 11Μ66666 6 6116161166166666 nanta 661666 6161616
6 661 16 666 166616 611 stessi 61661616 (161116 6616166116; 6611
6661166616 qnasi lo 1616666661616. 16116116 6661116666, 6166116
(1116666, 616 Oddono 16 16116 661 1611611111661161161666166,
11666 (16 1611666161166616 6666 16 166661616 6166161666 61166-
· 6611116. 11611 61616616 (1116111, 6 6111616666 16161 1616611661616
666616611666 66116616 (16116 666 (16111166, 6116616616 66 1616616-
616166111666 6111666161 16 6661 66116 661161616616 buono, di
6666161 associato, 611616 11 16116, 66116161166 di 6616666616 611
⁵ altri 66611 66 666 66611616116616116616661111661166; 6 oon 6666

 

