298 GUlDO ARETINO

11111111116111111 1111111111111 1111111611 11 salute
11111111111111111 111111111 11111111 111 1111111111111 1
11111 11111111111 111111611111 Roma, 1111111111111111
1111116 11 11 luogo diverso, 11111111,111161111111161611111
11111111111111, 11111111 fatte 1111111111 e i consigii 111 111-,1
desimo rieevuti.

Quale maggiere 161111111 111111111111116116 111111 11-
111111111 11111111111 11 queste esse? Come 111111111 meglio
1116111111111111111111111111 11 611 11111 1111111111, 11
1111111111111111 111 111 11111, 1111111111116 111111111111
mei? 1111 1111116111111111111111 11111 11116111 settene,
1111 quelle 111161111111111111111 1 1611111 1116 11 111-
1111111 0111 111 16 11 1111 11 questione 111111 111111111-
11111111111111, 1111 partite 11 11611111116111 11111111,
111111111161116111 111111111111116111111116 111 regolare3
111 1116116111111111, 6 11111611116 11111-11161111111. 111
quale 111111111 111 11111111611111, 1111111111 11 111 61111-
1161111111111111 111 11111111 111111 111111161111111111111
11111111 111 1611111116, 1111111111 1111, eom' egli 11, 11111
gli altri 11111161111 111111111116 111111111. Ε 11 1111111 1611
11 116111 111 11 111161111111111111116, 1111111 altri scritti
dell'Aretine. ’ ¹

16111111, 1 1111111111111 1611 quali 161 1111111111,
11111 11111116 111’1111111111111111 1161111111111111111 111-
11116 1 11111111111111, 1111 1111111111111161111111 111111 s
, 1111611; 11111111111111 111 111111111111111111, 111 111,
111111 11111 1111111161111111; 11111 11 11116116. 11116111-
11111 161111111111Ρ1111611 161111111111111111 111116 111111
1111111111611111, 1111111111111111611111111 1111’11111021;
· 1611111111111111111111111 11111111 nell’ 1111111 111 Μο1111111;
1111111111 11 11111116 1111161111111 Ravenna, 111, 11111 ma·
11111 161111 1116111111111161111111,11111111111 1111 fuori
11111111111111111611, obbligereno in 11116111111111 11111-
1111 1111111 11111111 1 1111111111 1111611, 111 111111

 

