171 GUIDO nnnnlno

Gemma (¹) 6116,11611611616 in 611616 6 16166116111616 1 6661

, 616, 1 6661 6616661 forse, 11161666 11 tedesco 661111616, e 16116

1161116611116 6161611611111.1116161111611611116611611 161116-
61161111161116118611611616161 161616616, 61116161616 11161-
116616, 6 16116 11161 6616, quelle siesse parole di (16116 66116
quali 161 6616 61161616111161 6666 1111611616, 6, 1611611661
11611116, 11111166 6611116616. Sta scritto 1116111 161661111
161666 Mic-relege: primieramente si 116616 il G 111616
6911111616 161 moderni. (In 1111116 l* graecum 1161611116 16·
dennis adiunctum).

Se 6661 1, perche innanzi di lni 161 1161 616116 11611616
01161611616611111616 11166616 egli pure 16 661111111611666-
1611111 1661 66116 611616 61611 egli 6116 6661611611 Gemma
6 Γ, 11 6661611661116, 6 16 1166 pere 161 6161161616 1616111.
« 1161 1111116 66116 161 1161666116 (661 queste le 666 parole),
« 61 11611661666116161161161111661116, 11611 16 1611616611
« G greeo; il quale 1161611 1 1616116116111166, 1616111161
« si 616161611111116661116161161666111,61 11616161 quem
« superins 1111166, Γ 111161611, 11 661 (1116666111611 quae
« (1661161 1616 66111666, 6 161116 161 16161611· » 11611
161 666616 61616 6161161616 16 molti, 6616 1166 1661616, 166
61111166 66116116116 616 61 661616 616666 66616, 1166616116-
16116 611611616 11 11611, 6 616 questi 16116 666616 (16116
161 616616 egli 61116 161616,11611611661166161161666111161
11 661116116616 11 molti 1116611· 6 1 pochi 161 6616 16111116-
6611611 16 61 6111616 individue. 11 1611661616161166116 616,
161 6666116 11 11616666,·6616 661161661616,16666111·

16111616 666166116 1161666616161 166, 61161611 666116 116111
11 quel 1116 616 61116116 16. 116166 616161611616116 6161161616
11 1161616116 (16116 11161116, 161 11111616 6661611616, 6 16116
’ 11161166 16116 111111 661 meggiere 66161111 6 6161116116 1116116-

· 161661, 16116 1611616111 1661116116111616611111611616 16
1111116111161611616161666161161 egginngesi 6116166666 1616-

 

