GUIDO ARETINO 185

In 666116, 611 661 ease 666166 1616 iare 16 pii 6116 ine-
66616116,66616661666 1666666616 61611 6616666 6611166 111-

166 Alpe, 666 16116 quante dissero 1616666 6116 66616· (16116- ’

61666 6161 (166661 6661 eennanionali3 66 616116616 ehi 16666
16 11 16166616616661116161.

Certo, 616 11116 666 61116 6666661616, 6 661 6616 666661
16 66616666,1611616 66666 1611166166, 666 66666666 666
66616 666166 11 6116666616 666 66 666 16111666 6666166616
eredere· ehe leggendele ne abbia 666116 666661166616 666
166666 166116 616666 pagine, 61666666616 appanis 6166611
6616 6166666616166 quel 666 66666 661 66166166 1 .

11116111 66 G. (1. 1166666666 (6666 1666 sembra 1161661666
11 1166616166 16 6166166 666166) 661166116616 161 666 11616-
66616 musico paria 161616166611611661666 11 661 66661, 6 661· ⁸
gennente 1611Ἐ66666616 1661666166616666 11 Gemina 6 11
Scala, 66666666 666 16 6616 6111616 61, 66, 661, fa, 661, le, 6666
661666 6611, 11 grania, trever 6666161161616 6666616 66161661 .
66611 61166611 1661111 (16116 ne’quaii 666 61666166666616
6161116666 61666666 11 666616 616666616 6616611666 16 66666
66616, ma 11666 lettera 66666 1616616116 661 1666166666-
16611 6111661166, 6 66616 qual segne 66616616 666 distinguere
16 66616 611 bassa? Impossibile 6666 di 66616, senna 661666
16 666616 6661661161666.

Α 66616666 6166666616 66661611, 16616 1666666 l‘ 161666
6666 ΙΙ 1611116661666,11 661 e 11666666 di quali 6 quante
61666 16 6616, 6 166611 Gemina 666 figura 6616666 666666-
sione 1611161666 66616. 111666 11 16666 661 66166116 16116 116-
661661161616,1166116 666616661611 11666166666166 666616 serve
anche 6666 6116 66666 11 111166 quande 61 666611661 161111
616 16 666616611661 6616666616 61 6661161166666161616616 666
161 Γ 66666, 6666 66666 666166161161 nesio egli 6 66616161
6661, 6166 ne Rousseau‚ 61 Β6666661, ne i 6666661 66161666
11611 666666666 66161 asserite, 166616 661161166611 66661,
6166 (16116 61116661 661666 6661661611 66666 Γ 6116 66616

 

